function f = F(w)

    a2 = 0.000000165690021;
    a1 = -0.000110383562499;
    a0 = 0.095118003353792;
    
    f = a2*w*w + a1*w + a0;

end
