function m = M(w)

    a2 = 0.000000006186499;
    a1 = -0.000002510423496;
    a0 = -0.001161797435133;
    
    m = a2*w*w + a1*w + a0;

end
